0
455.63284109278715
647.5635837468895
1806.9769126752615
5.2926589282136245
1.9245447374743228
1.5926025308279816
26.03032335114026
18.028881550466142
38.30134586245794
2.309145402559575
1.4090250554204116
4.135104273072682
112.37226529725181
9434.200013695874
22.691126510134712
2.3258817531388067
1.3976984876058791
15.598922217283683
373.1843809086533
110.89780636333299
8.390849950255163
2.0596625871521907
2.5963173938361797
20.22360600925372
20.1363054191579
59.14910516598985
3.308510612382311
1.2985885512542252
3.9310025461795224
53.723202588825934
364.7272419482663
17.633668896279133
2.4419219477135465
1.8464790400527287
9.088713546095981
435.8201944161533
58.000823647264504
17.553009732837133
1.7234427549970825
2.603364257448242
16.656095328135017
23.221005631858937
104.10162459947097
3.6760834574338763
0.9720748413365448
2.732574437706227
34.72854280396743
187.3314871016515
19.110055472480777
1.8201897113093415
1.7854443992364186
5.696175271896557
2730.6565751002227
38.73808759535283
39.195153355977354
0.8688345744214103
1.9475006512360242
15.049671770748356
28.889741796954446
254.8616758557352
4.77191366144927
1.3723618796372723
1.2029044275048568
24.963589169965857
151.1794739900732
24.10376336633117
1.9903693224649288
1.8593645617144738
3.9216654077490496
307.3819843019258
29.159234431121163
15.450485356190091
1.2922451291859904
1.675695807390573
28.300212785965382
37.90773480140773
20223.0749395217
6.617985914814577
2.0137702976377168
2.2565533100143136
20.108637670725162
177.29435828732434
32.59295192313554
3.0108274750761423
1.9213460572040566
4.3846549928655225
116.02715266882556
24.12578296525248
16.00924209553976
1.9961764966954403
1.593054143200569
23.129116275018887
53.59982569208907
472.54507177687924
8.618630797859863
2.096294374206427
2.4758864618251444
18.182879858600902
317.6274902960524
49.02904953803503
3.313545860920563
1.4884602144798578
3.9714944007601938
63.71494938463098
20.568708945112547
18.786862559198422
2.1184322352470724
0.9253089017381626
8.559544408863394
97.17712931804404
368.02894809161285
13.424383034719787
1.58421364660924
1.9573023776528677
20.607489829036602
2189.9141804933274
97.82934530142666
4.199156272366974
0.6347908487386247
2.8495882773484342
40.258664663573775
18.563182972591814
24.972559112654665
2.573244697198417
1.2641787210657647
4.921908766045346
780.2101390787317
4243.040476612621
89.18386430737557
1.3205987182909051
1.8759096728060594
155.0973049554691
646.4848569324696
1223.735745277783
5.981741752929041
1.0747285435763443
2.484461994464609
27.623236085866573
18.531663444727894
36.24267090412705
3.3542935035769
1.9846630445170348
4.833591069200881
133.8541023140628
4359.001793410071
24.785836854840642
1.6854186480719446
2.0066940650033334
18.518896427606226
382.37955134810574
128.6043972638542
7.957295120722883
1.6630652302911677
2.424763234694253
20.682945680708695
19.482418918506106
55.042912724221274
3.5024545678742753
2.0807865573923694
4.316827481632407
58.60176374678128
426.9185941880344
17.109461931806518
1.6450306750165988
1.452924092721358
9.831843978288198
408.9870683000788
62.13283137141803
14.556566573628723
1.8080437843431483
1.2633509267596759
16.37057623205602
22.169754019226744
94.94797338581469
3.089226454317835
1.656125939965088
2.993997653657
35.930268750474625
199.02032875746826
18.908496685903764
2.0450779926718683
0.37405707261356697
6.440389746102911
1339.3544388330306
41.068530013964825
67.99526428163921
2.028726926928536
1.237607397658198
14.40591822806567
27.639001645909303
216.59589892953363
4.141792171287236
1.322606899413074
2.4594269286631163
25.503885861460184
152.14215118342344
23.858115219998634
2.9715293132767333
1.1684496012233854
5.0521348262562285
382.01015795537995
30.821598818732962
16.006248125012192
2.333281203927345
2.176616745328124
22.80130405166491
35.88559842463184
1997.0293392312797
5.87110845329288
1.3004986158880334
2.6186332440679227
20.55360452285374
169.40145382279616
31.170636178938
3.244966557519852
1.6847887884842696
4.535089347965031
129.0648331901045
24.86649663428476
15.767131861852247
2.1101711381408794
2.2594902137800204
31.113247992134983
50.35902699370423
526.0015999820905
7.615470832178326
1.106594920191424
1.8093880080116038
17.977565880567855
282.16463233982176
45.83747102345451
2.8286003597377802
1.7731956691522044
2.767161661887801
67.93746436811094
20.153086798217878
18.5748967690767
1.3064129351179652
1.7663686209007512
9.355736961108539
87.47815716136736
368.04019290822254
12.576661084320017
1.4901315775988222
0.2631932602902124
19.47272125212688
1218.6088218877242
85.89781974280014
3.664547083415338
1.8989614224249776
2.000218255536165
41.94117583242703
18.2382346808385
24.779873608045946
1.8545917812348989
1.4660789547109008
5.950335086107441
361.5647341990526
614.0635743175287
49.539112498910946
2.1782427942003006
1.5754968555714282
68.37367845476632
739.8943385510316
458.26723591112875
5.459111634784605
1.9922220926499048
2.942818022418324
29.62688733500133
18.379742419224915
34.48365555488137
2.722012241515286
1.3503342066130324
5.110091329958151
163.82767624915888
1824.803187772909
28.58497610354107
2.270551772263029
1.9760451764725842
21.689013196873383
398.51195043137153
153.68105392318878
7.028593834195751
1.6221129017206362
2.876207841016688
22.28472414812202
19.364818230276597
50.704367962724355
2.9414252943294166
0.9394129888257895
3.53528793221723
63.76717191945924
515.07671431626
17.723640408161206
1.660993654402915
1.8065715360106724
9.408700459546544
390.9066492363304
66.40691233014891
12.957787454508331
0.7714012076792381
2.1095004293184876
16.985952572113668
22.335496543941595
86.09936698440691
3.747061531994843
1.3368465604253836
1.8881896758715215
38.3329967890896
214.5199851108837
18.621792651964242
1.6387795335547746
1.84865497462934
5.824816882649046
916.3751993666098
42.58499900180292
327.88946443956485
1.1723200169061516
1.8374113744986291
14.493559541998495
27.284221862061262
186.63306385692675
5.095363118697552
1.984475772708646
2.7671903906944713
27.35829810715226
154.93793979819824
22.393246312223443
2.435572343655879
1.9202016091267589
5.61957829462199
494.87827614119567
32.068059272492356
16.85621679558467
1.8311657310573188
1.7756678572987228
19.284295215886132
34.12176219943124
1012.0682980736342
5.9745966901298235
2.070697123974237
2.8513997939495033
21.688152749091604
162.62181898608907
29.008887459192465
2.583396178728394
1.45712246656075
4.850388088171504
145.6407791805748
25.595689994442473
14.671804055316011
1.9563828746517218
0.9633335872611444
49.17472790385982
47.35956291527493
603.7040234204962
6.801883015762139
1.599653533902064
2.124717496612152
17.69725885609676
253.510083344938
43.294489448705654
3.202254664436209
0.5739510079924155
3.4753748276863643
73.7781102688265
21.249076412449455
17.431763165067828
2.313611038200684
1.2348689149642373
9.581018684438275
78.88047104192079
371.09033177620057
10.97445574096528
1.291929495756731
1.9468278103100283
18.61471295649282
835.2646740603271
77.2770569255766
4.531419803669261
1.0792231520546895
2.9864069545929914
44.939016977966915
19.05847150184329
23.723699016173637
2.914356533298847
2.0139794472182837
6.8725962670417955
244.29971066042535
466.0395858061429
34.16726274435653
1.5004293581629626
2.1093701607940667
44.593798398412
907.8705629594735
283.43615867730523
5.393000028978905
1.6437531660957936
2.8789913102225997
30.804925052503904
18.106071509466148
32.650365266035394
2.9057637836220436
2.1118429232839406
5.5491590280597585
210.66517282061884
1180.1304662275652
34.58731719940701
1.407134865353193
1.4966035463090768
27.037671360852958
423.6170059370642
190.36171202517974
6.289324066316352
1.7866106666822879
1.5543116145945726
22.39950693657887
18.459715608538243
47.968360086527
2.310782756399817
1.6844410792741165
3.794810566255256
69.37965021673789
645.4071745871247
18.151240710183117
1.7833782063360764
0.23385744554659896
10.579761340902156
378.0604649372893
72.5759046308755
11.253008277178443
1.9697667133443848
1.327086251465562
16.835360222727576
21.455839259049046
79.73446318230647
3.1253871392821555
1.3561612029106682
2.9942690326781416
40.184098798576876
232.99690368351293
18.775455518642925
2.6097566989317915
1.2497565190902578
7.0626011668283475
713.1720318029148
45.47989082427645
110.35340816616579
2.183513889372235
2.321132803155925
15.027541840537433
26.12309670324376
163.17264043254116
4.398019302758234
1.2790783207902012
3.0656187512855566
28.553127948535252
158.5932506566309
21.82586085506431
2.7876809620338343
1.7402870382086852
5.858872540651141
682.8183737217065
33.51902760340096
18.445484938666482
1.9007329769240795
2.3808946014707004
18.12836229630893
32.8585526629316
660.9244514265437
5.173867539955588
1.0327324361719705
2.119564789222806
22.085689667643415
158.1506649951797
27.936700595501296
2.2254278358706747
1.775082447951748
3.7330809229821647
164.44266074461967
25.578553268786077
14.856975080409848
1.0594135137386809
1.8275247118113158
125.11284362903703
45.488607130751475
726.954596876348
7.077259951303515
1.4261400764122822
0.6133267103236809
18.165188481486982
231.3903487320948
40.535101784756336
2.7056619535880984
1.8788587110219943
2.644610059557016
79.39601969546783
21.210268899744808
17.754740022239435
1.5385827111633357